pen, 3.18027, 424.0, 350.0, 20
pen, 3.213182, 425.0, 351.0, 20
pen, 3.246194, 426.0, 353.0, 20
pen, 3.281128, 428.0, 354.0, 20
pen, 3.314012, 429.0, 355.0, 20
pen, 3.346923, 431.0, 356.0, 20
pen, 3.379834, 433.0, 356.0, 20
pen, 3.413744, 433.0, 356.0, 20
pen, 3.446656, 434.0, 356.0, 20
pen, 3.48074, 435.0, 358.0, 20
pen, 3.513758, 435.0, 358.0, 20
pen, 3.54667, 434.0, 358.0, 20
pen, 3.579693, 434.0, 358.0, 20
pen, 3.613654, 434.0, 358.0, 20
pen, 3.647566, 434.0, 358.0, 20
pen, 3.680476, 434.0, 358.0, 20
pen, 3.714387, 434.0, 358.0, 20
pen, 3.747298, 435.0, 358.0, 20
pen, 3.780209, 435.0, 358.0, 20
pen, 3.81312, 435.0, 358.0, 20
pen, 3.84703, 435.0, 358.0, 20
pen, 3.881035, 435.0, 358.0, 20
pen, 3.915948, 435.0, 357.0, 20
pen, 3.950852, 435.0, 357.0, 20
pen, 3.980768, 435.0, 357.0, 20
pen, 4.01368, 435.0, 357.0, 20
pen, 4.047591, 435.0, 357.0, 20
pen, 4.080502, 435.0, 357.0, 20
pen, 4.114411, 435.0, 357.0, 20
pen, 4.148344, 435.0, 357.0, 20
pen, 4.182232, 435.0, 357.0, 20
pen, 4.215145, 435.0, 357.0, 20
pen, 4.248055, 435.0, 357.0, 20
pen, 4.282003, 435.0, 357.0, 20
pen, 4.314891, 435.0, 357.0, 20
pen, 4.34883, 435.0, 357.0, 20
pen, 4.380712, 435.0, 357.0, 20
pen, 4.413624, 435.0, 357.0, 20
pen, 4.447535, 435.0, 357.0, 20
pen, 4.48147, 435.0, 357.0, 20
pen, 4.514356, 435.0, 357.0, 20
pen, 4.547267, 435.0, 357.0, 20
pen, 4.581177, 435.0, 357.0, 20
pen, 4.614089, 435.0, 357.0, 20
pen, 4.648, 435.0, 357.0, 20
pen, 4.681909, 435.0, 357.0, 20
pen, 4.714821, 435.0, 357.0, 20
pen, 4.748732, 435.0, 357.0, 20
pen, 4.781645, 435.0, 357.0, 20
pen, 4.815551, 435.0, 357.0, 20
pen, 4.848466, 435.0, 357.0, 20
pen, 4.881376, 435.0, 357.0, 20
pen, 4.914286, 435.0, 357.0, 20
pen, 4.948195, 435.0, 357.0, 20
pen, 4.981108, 435.0, 357.0, 20
pen, 5.015044, 435.0, 357.0, 20
pen, 5.04793, 435.0, 357.0, 20
pen, 5.081839, 435.0, 357.0, 20
pen, 5.114751, 435.0, 357.0, 20
pen, 5.148665, 435.0, 357.0, 20
pen, 5.18257, 435.0, 357.0, 20
pen, 5.216481, 435.0, 357.0, 20
pen, 5.249391, 435.0, 357.0, 20
pen, 5.283302, 435.0, 357.0, 20
pen, 5.316213, 435.0, 357.0, 20
pen, 5.350124, 435.0, 357.0, 20
pen, 5.381039, 435.0, 357.0, 20
pen, 5.414949, 435.0, 357.0, 20
pen, 5.448882, 435.0, 357.0, 20
pen, 5.482902, 435.0, 357.0, 20
pen, 5.516814, 435.0, 357.0, 20
pen, 5.549723, 435.0, 357.0, 20
pen, 5.582636, 435.0, 357.0, 20
pen, 5.614548, 435.0, 357.0, 20
pen, 5.647459, 435.0, 357.0, 20
pen, 5.68137, 435.0, 357.0, 20
pen, 5.716277, 435.0, 357.0, 20
pen, 5.75019, 435.0, 357.0, 20
pen, 5.784133, 435.0, 357.0, 20
pen, 5.817046, 435.0, 357.0, 20
pen, 5.848958, 435.0, 357.0, 20
pen, 5.88187, 435.0, 357.0, 20
pen, 5.91578, 435.0, 357.0, 20
pen, 5.948691, 435.0, 357.0, 20
pen, 5.981603, 435.0, 357.0, 20
pen, 6.015513, 435.0, 357.0, 20
pen, 6.05042, 435.0, 357.0, 20
pen, 6.083333, 435.0, 357.0, 20
pen, 6.116243, 435.0, 357.0, 20
pen, 6.149156, 435.0, 357.0, 20
pen, 6.183064, 435.0, 357.0, 20
pen, 6.215977, 435.0, 357.0, 20
pen, 6.24889, 435.0, 357.0, 20
pen, 6.282797, 435.0, 357.0, 20
pen, 6.317707, 435.0, 357.0, 20
pen, 6.350619, 435.0, 357.0, 20
pen, 6.382531, 435.0, 357.0, 20
pen, 6.415443, 435.0, 357.0, 20
pen, 6.448355, 435.0, 357.0, 20
pen, 6.483263, 435.0, 357.0, 20
pen, 6.518172, 435.0, 357.0, 20
pen, 6.552081, 435.0, 357.0, 20
pen, 6.584994, 435.0, 357.0, 20
pen, 6.615907, 435.0, 357.0, 20
pen, 6.648819, 435.0, 357.0, 20
pen, 6.68173, 435.0, 357.0, 20
pen, 6.71564, 435.0, 357.0, 20
pen, 6.748552, 435.0, 357.0, 20
pen, 6.785479, 435.0, 357.0, 20
pen, 6.819386, 435.0, 357.0, 20
pen, 6.852348, 435.0, 357.0, 20
pen, 6.885306, 435.0, 357.0, 20
pen, 6.91917, 435.0, 357.0, 20
pen, 6.952082, 435.0, 357.0, 20
pen, 6.98599, 435.0, 357.0, 20
pen, 7.015909, 435.0, 357.0, 20
pen, 7.048818, 435.0, 357.0, 20
pen, 7.082728, 435.0, 357.0, 20
pen, 7.116637, 435.0, 357.0, 20
pen, 7.152545, 435.0, 357.0, 20
pen, 7.186455, 435.0, 357.0, 20
pen, 7.219371, 435.0, 357.0, 20
pen, 7.253276, 435.0, 357.0, 20
pen, 7.286188, 435.0, 357.0, 20
pen, 7.319099, 435.0, 357.0, 20
pen, 7.353009, 435.0, 357.0, 20
pen, 7.383925, 435.0, 357.0, 20
pen, 7.416835, 435.0, 357.0, 20
pen, 7.449747, 435.0, 357.0, 20
pen, 7.483657, 435.0, 357.0, 20
pen, 7.51657, 435.0, 357.0, 20
pen, 7.550488, 435.0, 357.0, 20
pen, 7.586509, 435.0, 357.0, 20
pen, 7.620421, 435.0, 357.0, 20
pen, 7.653362, 435.0, 357.0, 20
pen, 7.684247, 435.0, 357.0, 20
pen, 7.71616, 435.0, 357.0, 20
pen, 7.750071, 435.0, 357.0, 20
pen, 7.78598, 435.0, 357.0, 20
pen, 7.81989, 435.0, 357.0, 20
pen, 7.852797, 435.0, 357.0, 20
pen, 7.886708, 435.0, 357.0, 20
pen, 7.91962, 435.0, 357.0, 20
pen, 7.953527, 435.0, 357.0, 20
pen, 7.986439, 435.0, 357.0, 20
pen, 8.016357, 435.0, 357.0, 20
pen, 8.050267, 435.0, 357.0, 20
pen, 8.083179, 435.0, 357.0, 20
pen, 8.117089, 435.0, 357.0, 20
pen, 8.151998, 435.0, 357.0, 20
pen, 8.185908, 435.0, 357.0, 20
pen, 8.219843, 435.0, 357.0, 20
pen, 8.252729, 435.0, 357.0, 20
pen, 8.286693, 435.0, 357.0, 20
pen, 8.319583, 435.0, 357.0, 20
pen, 8.353493, 435.0, 357.0, 20
pen, 8.383412, 435.0, 357.0, 20
pen, 8.417321, 435.0, 357.0, 20
pen, 8.451231, 435.0, 357.0, 20
pen, 8.487145, 435.0, 357.0, 20
pen, 8.520049, 435.0, 357.0, 20
pen, 8.553989, 435.0, 357.0, 20
pen, 8.586878, 435.0, 357.0, 20
pen, 8.62078, 435.0, 357.0, 20
pen, 8.653692, 435.0, 357.0, 20
pen, 8.687603, 435.0, 357.0, 20
pen, 8.71752, 435.0, 357.0, 20
pen, 8.750431, 435.0, 357.0, 20
pen, 8.784456, 435.0, 357.0, 20
pen, 8.819389, 435.0, 357.0, 20
pen, 8.854308, 435.0, 357.0, 20
pen, 8.887183, 435.0, 357.0, 20
pen, 8.920097, 435.0, 357.0, 20
pen, 8.954005, 435.0, 357.0, 20
pen, 8.986915, 435.0, 357.0, 20
pen, 9.020826, 435.0, 357.0, 20
pen, 9.053738, 435.0, 357.0, 20
pen, 9.085651, 435.0, 357.0, 20
pen, 9.117564, 435.0, 357.0, 20
pen, 9.150477, 435.0, 357.0, 20
pen, 9.184385, 435.0, 357.0, 20
pen, 9.21832, 435.0, 357.0, 20
pen, 9.253209, 435.0, 357.0, 20
pen, 9.287116, 435.0, 357.0, 20
pen, 9.321024, 435.0, 357.0, 20
pen, 9.35094, 435.0, 357.0, 20
pen, 9.38485, 435.0, 357.0, 20
pen, 9.417762, 435.0, 357.0, 20
pen, 9.453691, 435.0, 357.0, 20
pen, 9.487577, 435.0, 357.0, 20
pen, 9.52049, 435.0, 357.0, 20
pen, 9.553403, 435.0, 357.0, 20
pen, 9.586313, 435.0, 357.0, 20
pen, 9.619223, 435.0, 357.0, 20
pen, 9.653132, 435.0, 357.0, 20
pen, 9.686046, 435.0, 357.0, 20
pen, 9.718959, 435.0, 357.0, 20
pen, 9.752869, 435.0, 357.0, 20
pen, 9.785779, 435.0, 357.0, 20
pen, 9.819717, 435.0, 357.0, 20
pen, 9.853631, 435.0, 357.0, 20
pen, 9.886514, 435.0, 357.0, 20
pen, 9.920421, 435.0, 357.0, 20
pen, 9.953332, 435.0, 357.0, 20
pen, 9.985245, 435.0, 357.0, 20
pen, 10.018156, 435.0, 357.0, 20
pen, 10.051069, 435.0, 357.0, 20
pen, 10.084978, 435.0, 357.0, 20
pen, 10.118888, 435.0, 357.0, 20
pen, 10.152798, 435.0, 357.0, 20
pen, 10.186707, 435.0, 357.0, 20
pen, 10.217623, 435.0, 357.0, 20
pen, 10.251534, 435.0, 357.0, 20
pen, 10.285443, 435.0, 357.0, 20
pen, 10.32135, 435.0, 357.0, 20
pen, 10.354264, 435.0, 357.0, 20
pen, 10.3862, 435.0, 357.0, 20
pen, 10.419085, 435.0, 357.0, 20
pen, 10.451997, 435.0, 357.0, 20
pen, 10.485909, 435.0, 357.0, 20
pen, 10.520816, 435.0, 357.0, 20
pen, 10.553726, 435.0, 357.0, 20
pen, 10.586638, 435.0, 357.0, 20
pen, 10.619554, 435.0, 357.0, 20
pen, 10.653459, 435.0, 357.0, 20
pen, 10.686371, 435.0, 357.0, 20
pen, 10.718285, 435.0, 357.0, 20
pen, 10.751196, 435.0, 357.0, 20
pen, 10.785106, 435.0, 357.0, 20
pen, 10.819017, 435.0, 357.0, 20
pen, 10.854959, 435.0, 357.0, 20
pen, 10.888873, 435.0, 357.0, 20
pen, 10.921743, 435.0, 357.0, 20
pen, 10.95266, 435.0, 357.0, 20
pen, 10.985572, 435.0, 357.0, 20
pen, 11.019544, 435.0, 357.0, 20
pen, 11.054458, 435.0, 357.0, 20
pen, 11.087339, 435.0, 357.0, 20
pen, 11.119252, 435.0, 357.0, 20
pen, 11.153161, 435.0, 357.0, 20
pen, 11.187099, 435.0, 357.0, 20
pen, 11.219982, 435.0, 357.0, 20
pen, 11.252894, 435.0, 357.0, 20
pen, 11.285805, 435.0, 357.0, 20
pen, 11.318717, 435.0, 357.0, 20
pen, 11.352627, 435.0, 357.0, 20
pen, 11.386556, 435.0, 357.0, 20
pen, 11.420447, 435.0, 357.0, 20
pen, 11.454358, 435.0, 357.0, 20
pen, 11.487268, 435.0, 357.0, 20
pen, 11.521178, 435.0, 357.0, 20
pen, 11.554091, 435.0, 357.0, 20
pen, 11.588, 435.0, 357.0, 20
pen, 11.620915, 435.0, 357.0, 20
pen, 11.654819, 435.0, 357.0, 20
pen, 11.687859, 435.0, 357.0, 20
pen, 11.720769, 435.0, 357.0, 20
pen, 11.753681, 435.0, 357.0, 20
pen, 11.786593, 435.0, 357.0, 20
pen, 11.820502, 435.0, 357.0, 20
pen, 11.853414, 435.0, 357.0, 20
pen, 11.887325, 435.0, 357.0, 20
pen, 11.921235, 435.0, 357.0, 20
pen, 11.953148, 435.0, 357.0, 20
pen, 11.986059, 435.0, 357.0, 20
pen, 12.01997, 435.0, 357.0, 20
pen, 12.053879, 435.0, 357.0, 20
pen, 12.08679, 435.0, 357.0, 20
pen, 12.119702, 435.0, 357.0, 20
pen, 12.154609, 435.0, 357.0, 20
pen, 12.189554, 435.0, 357.0, 20
pen, 12.222431, 435.0, 357.0, 20
pen, 12.255342, 435.0, 357.0, 20
pen, 12.28925, 435.0, 357.0, 20
pen, 12.322165, 435.0, 357.0, 20
pen, 12.353078, 435.0, 357.0, 20
pen, 12.385989, 435.0, 357.0, 20
pen, 12.419899, 435.0, 357.0, 20
pen, 12.453809, 435.0, 357.0, 20
pen, 12.488722, 435.0, 357.0, 20
pen, 12.522627, 435.0, 357.0, 20
pen, 12.554541, 435.0, 357.0, 20
pen, 12.586454, 435.0, 357.0, 20
pen, 12.619365, 435.0, 357.0, 20
pen, 12.653275, 435.0, 357.0, 20
pen, 12.686187, 435.0, 357.0, 20
pen, 12.720096, 435.0, 357.0, 20
pen, 12.755005, 435.0, 357.0, 20
pen, 12.788945, 435.0, 357.0, 20
pen, 12.822825, 435.0, 357.0, 20
pen, 12.855737, 435.0, 357.0, 20
pen, 12.887649, 435.0, 357.0, 20
pen, 12.920561, 435.0, 357.0, 20
pen, 12.954471, 435.0, 357.0, 20
pen, 12.988603, 435.0, 357.0, 20
pen, 13.021486, 435.0, 357.0, 20
pen, 13.055429, 435.0, 357.0, 20
pen, 13.088309, 435.0, 357.0, 20
pen, 13.121221, 435.0, 357.0, 20
pen, 13.154131, 435.0, 357.0, 20
pen, 13.187043, 435.0, 357.0, 20
pen, 13.220953, 435.0, 357.0, 20
pen, 13.253895, 435.0, 357.0, 20
pen, 13.287828, 435.0, 357.0, 20
pen, 13.321715, 435.0, 357.0, 20
pen, 13.355646, 435.0, 357.0, 20
pen, 13.388536, 435.0, 357.0, 20
pen, 13.420448, 435.0, 357.0, 20
pen, 13.45336, 435.0, 357.0, 20
pen, 13.48727, 435.0, 357.0, 20
pen, 13.522177, 435.0, 357.0, 20
pen, 13.55609, 435.0, 357.0, 20
pen, 13.589999, 435.0, 357.0, 20
pen, 13.622911, 435.0, 357.0, 20
pen, 13.656821, 435.0, 357.0, 20
pen, 13.689732, 435.0, 357.0, 20
pen, 13.721644, 435.0, 357.0, 20
pen, 13.754555, 435.0, 357.0, 20
pen, 13.789483, 435.0, 357.0, 20
pen, 13.822375, 435.0, 357.0, 20
pen, 13.856405, 435.0, 357.0, 20
pen, 13.889316, 435.0, 357.0, 20
pen, 13.922227, 435.0, 357.0, 20
pen, 13.954142, 435.0, 357.0, 20
pen, 13.987052, 435.0, 357.0, 20
pen, 14.020963, 435.0, 357.0, 20
pen, 14.055967, 435.0, 357.0, 20
pen, 14.089879, 435.0, 357.0, 20
pen, 14.121791, 435.0, 357.0, 20
pen, 14.15573, 435.0, 357.0, 20
pen, 14.188614, 435.0, 357.0, 20
pen, 14.222521, 435.0, 357.0, 20
pen, 14.255434, 435.0, 357.0, 20
pen, 14.289343, 435.0, 357.0, 20
pen, 14.323252, 435.0, 357.0, 20
pen, 14.357163, 435.0, 357.0, 20
pen, 14.390073, 435.0, 357.0, 20
pen, 14.422987, 435.0, 357.0, 20
pen, 14.455898, 435.0, 357.0, 20
pen, 14.487812, 435.0, 357.0, 20
pen, 14.520722, 435.0, 357.0, 20
pen, 14.554632, 435.0, 357.0, 20
pen, 14.587544, 435.0, 357.0, 20
pen, 14.621453, 435.0, 357.0, 20
pen, 14.654365, 435.0, 357.0, 20
pen, 14.688275, 435.0, 357.0, 20
pen, 14.722185, 435.0, 357.0, 20
pen, 14.756096, 435.0, 357.0, 20
pen, 14.790038, 435.0, 357.0, 20
pen, 14.822919, 435.0, 357.0, 20
pen, 14.856829, 435.0, 357.0, 20
pen, 14.889737, 435.0, 357.0, 20
pen, 14.923649, 435.0, 357.0, 20
pen, 14.955561, 435.0, 357.0, 20
pen, 14.988473, 435.0, 357.0, 20
pen, 15.022382, 435.0, 357.0, 20
pen, 15.056299, 435.0, 357.0, 20
pen, 15.089205, 435.0, 357.0, 20
pen, 15.124112, 435.0, 357.0, 20
pen, 15.156026, 435.0, 357.0, 20
pen, 15.188937, 435.0, 357.0, 20
pen, 15.221849, 435.0, 357.0, 20
pen, 15.255758, 435.0, 357.0, 20
pen, 15.289668, 435.0, 357.0, 20
pen, 15.324607, 435.0, 357.0, 20
pen, 15.357489, 435.0, 357.0, 20
pen, 15.3894, 435.0, 357.0, 20
pen, 15.42331, 435.0, 357.0, 20
pen, 15.455225, 435.0, 357.0, 20
pen, 15.490236, 435.0, 357.0, 20
pen, 15.524145, 435.0, 357.0, 20
pen, 15.556059, 435.0, 357.0, 20
pen, 15.58897, 435.0, 357.0, 20
pen, 15.621882, 435.0, 357.0, 20
pen, 15.655793, 435.0, 357.0, 20
pen, 15.689702, 435.0, 357.0, 20
pen, 15.723612, 435.0, 357.0, 20
pen, 15.756523, 435.0, 357.0, 20
pen, 15.789436, 435.0, 357.0, 20
pen, 15.823345, 435.0, 357.0, 20
pen, 15.857256, 435.0, 357.0, 20
pen, 15.891163, 435.0, 357.0, 20
pen, 15.924076, 435.0, 357.0, 20
pen, 15.957986, 435.0, 357.0, 20
pen, 15.990895, 435.0, 357.0, 20
pen, 16.02381, 435.0, 357.0, 20
pen, 16.056722, 435.0, 357.0, 20
pen, 16.090631, 435.0, 357.0, 20
pen, 16.122543, 435.0, 357.0, 20
pen, 16.156453, 435.0, 357.0, 20
pen, 16.189474, 435.0, 357.0, 20
pen, 16.224382, 435.0, 357.0, 20
pen, 16.257293, 435.0, 357.0, 20
pen, 16.291205, 435.0, 357.0, 20
pen, 16.324116, 435.0, 357.0, 20
pen, 16.358025, 435.0, 357.0, 20
pen, 16.38894, 435.0, 357.0, 20
pen, 16.42285, 435.0, 357.0, 20
pen, 16.456787, 435.0, 357.0, 20
pen, 16.48967, 435.0, 357.0, 20
pen, 16.525608, 435.0, 357.0, 20
pen, 16.559523, 435.0, 357.0, 20
pen, 16.591402, 435.0, 357.0, 20
pen, 16.624313, 435.0, 357.0, 20
pen, 16.656226, 435.0, 357.0, 20
pen, 16.689137, 435.0, 357.0, 20
pen, 16.723048, 435.0, 357.0, 20
pen, 16.756957, 435.0, 357.0, 20
pen, 16.79195, 435.0, 357.0, 20
pen, 16.824865, 435.0, 357.0, 20
pen, 16.859771, 435.0, 357.0, 20
pen, 16.891686, 435.0, 357.0, 20
pen, 16.92659, 435.0, 357.0, 20
pen, 16.957507, 435.0, 357.0, 20
pen, 16.989421, 435.0, 357.0, 20
pen, 17.023331, 435.0, 357.0, 20
pen, 17.057241, 435.0, 357.0, 20
pen, 17.090152, 435.0, 357.0, 20
pen, 17.124063, 435.0, 357.0, 20
pen, 17.157971, 435.0, 357.0, 20
pen, 17.191883, 435.0, 357.0, 20
pen, 17.225792, 435.0, 357.0, 20
pen, 17.258704, 435.0, 357.0, 20
pen, 17.291617, 435.0, 357.0, 20
pen, 17.325528, 435.0, 357.0, 20
pen, 17.358439, 435.0, 357.0, 20
pen, 17.392349, 435.0, 357.0, 20
pen, 17.425259, 435.0, 357.0, 20
pen, 17.458169, 435.0, 357.0, 20
pen, 17.492078, 435.0, 357.0, 20
pen, 17.524991, 435.0, 357.0, 20
pen, 17.557902, 435.0, 357.0, 20
pen, 17.591885, 435.0, 357.0, 20
pen, 17.624761, 435.0, 357.0, 20
pen, 17.65867, 435.0, 357.0, 20
pen, 17.691582, 435.0, 357.0, 20
pen, 17.723496, 435.0, 357.0, 20
pen, 17.726487, 435.0, 357.0, 20
pen, 17.790318, 435.0, 357.0, 20
pen, 17.826225, 435.0, 357.0, 20
pen, 17.860135, 435.0, 357.0, 20
pen, 17.894161, 435.0, 357.0, 20
pen, 17.926039, 435.0, 357.0, 20
pen, 17.932023, 435.0, 357.0, 20
pen, 17.991861, 435.0, 357.0, 20
pen, 18.024772, 435.0, 357.0, 20
pen, 18.028764, 435.0, 357.0, 20
pen, 18.091597, 435.0, 357.0, 20
pen, 18.125505, 435.0, 357.0, 20
pen, 18.128497, 435.0, 357.0, 20
pen, 18.192324, 435.0, 357.0, 20
pen, 18.225238, 435.0, 357.0, 20
pen, 18.229225, 435.0, 357.0, 20
pen, 18.291061, 435.0, 357.0, 20
pen, 18.29505, 435.0, 357.0, 20
pen, 18.324969, 435.0, 357.0, 20
pen, 18.390793, 435.0, 357.0, 20
pen, 18.393785, 435.0, 357.0, 20
pen, 18.424703, 435.0, 357.0, 20
pen, 18.495516, 435.0, 357.0, 20
pen, 18.500504, 435.0, 357.0, 20
pen, 18.526434, 435.0, 357.0, 20
pen, 18.593256, 435.0, 357.0, 20
pen, 18.598242, 435.0, 357.0, 20
pen, 18.62417, 435.0, 357.0, 20
pen, 18.690991, 435.0, 357.0, 20
pen, 18.694979, 435.0, 357.0, 20
pen, 18.723903, 435.0, 357.0, 20
pen, 18.757811, 435.0, 357.0, 20
pen, 18.790723, 435.0, 357.0, 20
pen, 18.824634, 435.0, 357.0, 20
pen, 18.858543, 435.0, 357.0, 20
pen, 18.891455, 435.0, 357.0, 20
pen, 18.924367, 435.0, 357.0, 20
pen, 18.959276, 435.0, 357.0, 20
pen, 18.992187, 435.0, 357.0, 20
pen, 19.025099, 435.0, 357.0, 20
pen, 19.059035, 435.0, 357.0, 20
pen, 19.09192, 435.0, 357.0, 20
pen, 19.125829, 435.0, 357.0, 20
pen, 19.158741, 435.0, 357.0, 20
pen, 19.192661, 435.0, 357.0, 20
pen, 19.22657, 435.0, 357.0, 20
pen, 19.259482, 435.0, 357.0, 20
pen, 19.293393, 435.0, 357.0, 20
pen, 19.326305, 435.0, 357.0, 20
pen, 19.360214, 435.0, 357.0, 20
pen, 19.393126, 435.0, 357.0, 20
pen, 19.42504, 435.0, 357.0, 20
pen, 19.457951, 435.0, 357.0, 20
pen, 19.49186, 435.0, 357.0, 20
pen, 19.524867, 435.0, 357.0, 20
pen, 19.558777, 435.0, 357.0, 20
pen, 19.591689, 435.0, 357.0, 20
pen, 19.625599, 435.0, 357.0, 20
pen, 19.65851, 435.0, 357.0, 20
pen, 19.692421, 435.0, 357.0, 20
pen, 19.726379, 435.0, 357.0, 20
pen, 19.759372, 435.0, 357.0, 20
pen, 19.793279, 435.0, 357.0, 20
pen, 19.825194, 435.0, 357.0, 20
pen, 19.858105, 435.0, 357.0, 20
pen, 19.892016, 435.0, 357.0, 20
pen, 19.926923, 435.0, 357.0, 20
pen, 19.958837, 435.0, 357.0, 20
pen, 19.991747, 435.0, 357.0, 20
pen, 20.026687, 435.0, 357.0, 20
pen, 20.060678, 435.0, 357.0, 20
pen, 20.093588, 435.0, 357.0, 20
pen, 20.125501, 435.0, 357.0, 20
pen, 20.158412, 435.0, 357.0, 20
pen, 20.192323, 435.0, 357.0, 20
pen, 20.22723, 435.0, 357.0, 20
pen, 20.26125, 435.0, 357.0, 20
pen, 20.295129, 435.0, 357.0, 20
pen, 20.328041, 435.0, 357.0, 20
pen, 20.361948, 435.0, 357.0, 20
pen, 20.392865, 435.0, 357.0, 20
pen, 20.425776, 435.0, 357.0, 20
pen, 20.459689, 435.0, 357.0, 20
pen, 20.492599, 435.0, 357.0, 20
pen, 20.527532, 435.0, 357.0, 20
pen, 20.560444, 435.0, 357.0, 20
pen, 20.595553, 435.0, 357.0, 20
pen, 20.627465, 435.0, 357.0, 20
pen, 20.661376, 435.0, 357.0, 20
pen, 20.695318, 435.0, 357.0, 20
pen, 20.728198, 435.0, 357.0, 20
pen, 20.762105, 435.0, 357.0, 20
pen, 20.795018, 435.0, 357.0, 20
pen, 20.82793, 435.0, 357.0, 20
pen, 20.860841, 435.0, 357.0, 20
pen, 20.892753, 435.0, 357.0, 20
pen, 20.925665, 435.0, 357.0, 20
pen, 20.959575, 435.0, 357.0, 20
pen, 20.992487, 435.0, 357.0, 20
pen, 21.027398, 435.0, 357.0, 20
pen, 21.061306, 435.0, 357.0, 20
pen, 21.095214, 435.0, 357.0, 20
pen, 21.126129, 435.0, 357.0, 20
pen, 21.159041, 435.0, 357.0, 20
pen, 21.19295, 435.0, 357.0, 20
pen, 21.225864, 435.0, 357.0, 20
pen, 21.259773, 435.0, 357.0, 20
pen, 21.296678, 435.0, 357.0, 20
pen, 21.328592, 435.0, 357.0, 20
pen, 21.3625, 435.0, 357.0, 20
pen, 21.393416, 435.0, 357.0, 20
pen, 21.426328, 435.0, 357.0, 20
pen, 21.460238, 435.0, 357.0, 20
pen, 21.494148, 435.0, 357.0, 20
pen, 21.528056, 435.0, 357.0, 20
pen, 21.562988, 435.0, 357.0, 20
pen, 21.594879, 435.0, 357.0, 20
pen, 21.62779, 435.0, 357.0, 20
pen, 21.6617, 435.0, 357.0, 20
pen, 21.694612, 435.0, 357.0, 20
pen, 21.727524, 435.0, 357.0, 20
pen, 21.760433, 435.0, 357.0, 20
pen, 21.793346, 435.0, 357.0, 20
pen, 21.827259, 435.0, 357.0, 20
pen, 21.862166, 435.0, 357.0, 20
pen, 21.897107, 435.0, 357.0, 20
pen, 21.928985, 435.0, 357.0, 20
pen, 21.959901, 435.0, 357.0, 20
pen, 21.992812, 435.0, 357.0, 20
pen, 22.026728, 435.0, 357.0, 20
pen, 22.060638, 435.0, 357.0, 20
pen, 22.094549, 435.0, 357.0, 20
pen, 22.128457, 435.0, 357.0, 20
pen, 22.161369, 435.0, 357.0, 20
pen, 22.194281, 435.0, 357.0, 20
pen, 22.228191, 435.0, 357.0, 20
pen, 22.261104, 435.0, 357.0, 20
pen, 22.295012, 435.0, 357.0, 20
pen, 22.327923, 435.0, 357.0, 20
pen, 22.361953, 435.0, 357.0, 20
pen, 22.393866, 435.0, 357.0, 20
pen, 22.426778, 435.0, 357.0, 20
pen, 22.460687, 435.0, 357.0, 20
pen, 22.493599, 435.0, 357.0, 20
pen, 22.527509, 435.0, 357.0, 20
pen, 22.563414, 435.0, 357.0, 20
pen, 22.595328, 435.0, 357.0, 20
pen, 22.627243, 435.0, 357.0, 20
pen, 22.660154, 435.0, 357.0, 20
pen, 22.694064, 435.0, 357.0, 20
pen, 22.728006, 435.0, 357.0, 20
pen, 22.761943, 435.0, 357.0, 20
pen, 22.795827, 435.0, 357.0, 20
pen, 22.828741, 435.0, 357.0, 20
pen, 22.862653, 435.0, 357.0, 20
pen, 22.895562, 435.0, 357.0, 20
pen, 22.92947, 435.0, 357.0, 20
pen, 22.963379, 435.0, 357.0, 20
pen, 22.995293, 435.0, 357.0, 20
pen, 23.027206, 435.0, 357.0, 20
pen, 23.061117, 435.0, 357.0, 20
pen, 23.094027, 435.0, 357.0, 20
pen, 23.127938, 435.0, 357.0, 20
pen, 23.162956, 435.0, 357.0, 20
pen, 23.196892, 435.0, 357.0, 20
pen, 23.228802, 435.0, 357.0, 20
pen, 23.261686, 435.0, 357.0, 20
pen, 23.295599, 435.0, 357.0, 20
pen, 23.32851, 435.0, 357.0, 20
pen, 23.362417, 435.0, 357.0, 20
pen, 23.395332, 435.0, 357.0, 20
pen, 23.429252, 435.0, 357.0, 20
pen, 23.462152, 435.0, 357.0, 20
pen, 23.496061, 435.0, 357.0, 20
pen, 23.528973, 435.0, 357.0, 20
pen, 23.561886, 435.0, 357.0, 20
pen, 23.595796, 435.0, 357.0, 20
pen, 23.630725, 435.0, 357.0, 20
pen, 23.662617, 435.0, 357.0, 20
pen, 23.695528, 435.0, 357.0, 20
pen, 23.729438, 435.0, 357.0, 20
pen, 23.761351, 435.0, 357.0, 20
pen, 23.795261, 435.0, 357.0, 20
pen, 23.82917, 435.0, 357.0, 20
pen, 23.863103, 435.0, 357.0, 20
pen, 23.896125, 435.0, 357.0, 20
pen, 23.930056, 435.0, 357.0, 20
pen, 23.962946, 435.0, 357.0, 20
pen, 23.995859, 435.0, 357.0, 20
pen, 24.02979, 435.0, 357.0, 20
pen, 24.062678, 435.0, 357.0, 20
pen, 24.094591, 435.0, 357.0, 20
pen, 24.1285, 435.0, 357.0, 20
pen, 24.161412, 435.0, 357.0, 20
pen, 24.195322, 435.0, 357.0, 20
pen, 24.230233, 435.0, 357.0, 20
pen, 24.263141, 435.0, 357.0, 20
pen, 24.297052, 435.0, 357.0, 20
pen, 24.329968, 435.0, 357.0, 20
pen, 24.363872, 435.0, 357.0, 20
pen, 24.395787, 435.0, 357.0, 20
pen, 24.429696, 435.0, 357.0, 20
pen, 24.462608, 435.0, 357.0, 20
pen, 24.495521, 435.0, 357.0, 20
pen, 24.530431, 435.0, 357.0, 20
pen, 24.564366, 435.0, 357.0, 20
pen, 24.597252, 435.0, 357.0, 20
pen, 24.630162, 435.0, 357.0, 20
pen, 24.66507, 435.0, 357.0, 20
pen, 24.696983, 435.0, 357.0, 20
pen, 24.728896, 435.0, 357.0, 20
pen, 24.762806, 435.0, 357.0, 20
pen, 24.796716, 435.0, 357.0, 20
pen, 24.829627, 435.0, 357.0, 20
pen, 24.863537, 435.0, 357.0, 20
pen, 24.89653, 435.0, 357.0, 20
pen, 24.929442, 435.0, 357.0, 20
pen, 24.963373, 435.0, 357.0, 20
pen, 24.996265, 435.0, 357.0, 20
pen, 25.0302, 435.0, 357.0, 20
pen, 25.063085, 435.0, 357.0, 20
pen, 25.096994, 435.0, 357.0, 20
pen, 25.129905, 435.0, 357.0, 20
pen, 25.161819, 435.0, 357.0, 20
pen, 25.195728, 435.0, 357.0, 20
pen, 25.229639, 435.0, 357.0, 20
pen, 25.26464, 435.0, 357.0, 20
pen, 25.298512, 435.0, 357.0, 20
pen, 25.329426, 435.0, 357.0, 20
pen, 25.362337, 435.0, 357.0, 20
pen, 25.396247, 435.0, 357.0, 20
pen, 25.430158, 435.0, 357.0, 20
pen, 25.464067, 435.0, 357.0, 20
pen, 25.496981, 435.0, 357.0, 20
pen, 25.530889, 435.0, 357.0, 20
pen, 25.564798, 435.0, 357.0, 20
pen, 25.59771, 435.0, 357.0, 20
pen, 25.630622, 435.0, 357.0, 20
pen, 25.663534, 435.0, 357.0, 20
pen, 25.697443, 435.0, 357.0, 20
pen, 25.730354, 435.0, 357.0, 20
pen, 25.764264, 435.0, 357.0, 20
pen, 25.797176, 435.0, 357.0, 20
pen, 25.831118, 435.0, 357.0, 20
pen, 25.863998, 435.0, 357.0, 20
pen, 25.897909, 435.0, 357.0, 20
pen, 25.93082, 435.0, 357.0, 20
pen, 25.963732, 435.0, 357.0, 20
pen, 25.997641, 435.0, 357.0, 20
pen, 26.030554, 435.0, 357.0, 20
pen, 26.064462, 435.0, 357.0, 20
pen, 26.097373, 435.0, 357.0, 20
pen, 26.129287, 435.0, 357.0, 20
pen, 26.163197, 435.0, 357.0, 20
pen, 26.196108, 435.0, 357.0, 20
pen, 26.230018, 435.0, 357.0, 20
pen, 26.262931, 435.0, 357.0, 20
pen, 26.298968, 435.0, 357.0, 20
pen, 26.331849, 435.0, 357.0, 20
pen, 26.36376, 435.0, 357.0, 20
pen, 26.396672, 435.0, 357.0, 20
pen, 26.429584, 435.0, 357.0, 20
pen, 26.463494, 435.0, 357.0, 20
pen, 26.499437, 435.0, 357.0, 20
pen, 26.532315, 435.0, 357.0, 20
pen, 26.565225, 435.0, 357.0, 20
pen, 26.599134, 435.0, 357.0, 20
pen, 26.631046, 435.0, 357.0, 20
pen, 26.664954, 435.0, 357.0, 20
pen, 26.69687, 435.0, 357.0, 20
pen, 26.72978, 435.0, 357.0, 20
pen, 26.763691, 435.0, 357.0, 20
pen, 26.797625, 435.0, 357.0, 20
pen, 26.830513, 435.0, 357.0, 20
pen, 26.864446, 435.0, 357.0, 20
pen, 26.898346, 435.0, 357.0, 20
pen, 26.931244, 435.0, 357.0, 20
pen, 26.965379, 435.0, 357.0, 20
pen, 26.998267, 435.0, 357.0, 20
pen, 27.031178, 435.0, 357.0, 20
pen, 27.065087, 435.0, 357.0, 20
pen, 27.097999, 435.0, 357.0, 20
pen, 27.131908, 435.0, 357.0, 20
pen, 27.16482, 435.0, 357.0, 20
pen, 27.197733, 435.0, 357.0, 20
pen, 27.23264, 435.0, 357.0, 20
pen, 27.263555, 435.0, 357.0, 20
pen, 27.297464, 435.0, 357.0, 20
pen, 27.330376, 435.0, 357.0, 20
pen, 27.364286, 435.0, 357.0, 20
pen, 27.397197, 435.0, 357.0, 20
pen, 27.431107, 435.0, 357.0, 20
pen, 27.466017, 435.0, 357.0, 20
pen, 27.499929, 435.0, 357.0, 20
pen, 27.53284, 435.0, 357.0, 20
pen, 27.565749, 435.0, 357.0, 20
pen, 27.59866, 435.0, 357.0, 20
pen, 27.633568, 435.0, 357.0, 20
pen, 27.665482, 435.0, 357.0, 20
pen, 27.698393, 435.0, 357.0, 20
pen, 27.732303, 435.0, 357.0, 20
pen, 27.765214, 435.0, 357.0, 20
pen, 27.799125, 435.0, 357.0, 20
pen, 27.832037, 435.0, 357.0, 20
pen, 27.865946, 435.0, 357.0, 20
pen, 27.898858, 435.0, 357.0, 20
pen, 27.931771, 435.0, 357.0, 20
pen, 27.964681, 435.0, 357.0, 20
pen, 27.99859, 435.0, 357.0, 20
pen, 28.031502, 435.0, 357.0, 20
pen, 28.065412, 435.0, 357.0, 20
pen, 28.098323, 435.0, 357.0, 20
pen, 28.131236, 435.0, 357.0, 20
pen, 28.164146, 435.0, 357.0, 20
pen, 28.198057, 435.0, 357.0, 20
pen, 28.231967, 435.0, 357.0, 20
pen, 28.265903, 435.0, 357.0, 20
pen, 28.298788, 435.0, 357.0, 20
pen, 28.3317, 435.0, 357.0, 20
pen, 28.364612, 435.0, 357.0, 20
pen, 28.39852, 435.0, 357.0, 20
pen, 28.431432, 435.0, 357.0, 20
pen, 28.464344, 435.0, 357.0, 20
pen, 28.49826, 435.0, 357.0, 20
pen, 28.532171, 435.0, 357.0, 20
pen, 28.567078, 435.0, 357.0, 20
pen, 28.601985, 435.0, 357.0, 20
pen, 28.632933, 435.0, 357.0, 20
pen, 28.666813, 435.0, 357.0, 20
pen, 28.699722, 435.0, 357.0, 20
pen, 28.731636, 435.0, 357.0, 20
pen, 28.765546, 435.0, 357.0, 20
pen, 28.799486, 435.0, 357.0, 20
pen, 28.834395, 435.0, 357.0, 20
pen, 28.868303, 435.0, 357.0, 20
pen, 28.901217, 435.0, 357.0, 20
pen, 28.935123, 435.0, 357.0, 20
pen, 28.967038, 435.0, 357.0, 20
pen, 29.00095, 435.0, 357.0, 20
pen, 29.033862, 435.0, 357.0, 20
pen, 29.067771, 435.0, 357.0, 20
pen, 29.098685, 435.0, 357.0, 20
pen, 29.131596, 435.0, 357.0, 20
pen, 29.165506, 435.0, 357.0, 20
pen, 29.198417, 435.0, 357.0, 20
pen, 29.232328, 435.0, 357.0, 20
pen, 29.265239, 435.0, 357.0, 20
pen, 29.299149, 435.0, 357.0, 20
pen, 29.332061, 435.0, 357.0, 20
pen, 29.364973, 435.0, 357.0, 20
pen, 29.398882, 435.0, 357.0, 20
pen, 29.431793, 435.0, 357.0, 20
pen, 29.465703, 435.0, 357.0, 20
pen, 29.498615, 435.0, 357.0, 20
pen, 29.533523, 435.0, 357.0, 20
pen, 29.570425, 435.0, 357.0, 20
pen, 29.60239, 435.0, 357.0, 20
pen, 29.634306, 435.0, 357.0, 20
pen, 29.668213, 435.0, 357.0, 20
pen, 29.701128, 435.0, 357.0, 20
pen, 29.741018, 435.0, 357.0, 20
pen, 29.765952, 435.0, 357.0, 20
pen, 29.798863, 435.0, 357.0, 20
pen, 29.832773, 435.0, 357.0, 20
pen, 29.86768, 435.0, 357.0, 20
pen, 29.900593, 435.0, 357.0, 20
pen, 29.934503, 435.0, 357.0, 20
pen, 29.967414, 435.0, 357.0, 20
pen, 30.000325, 435.0, 357.0, 20
pen, 30.033237, 435.0, 357.0, 20
pen, 30.066149, 435.0, 357.0, 20
pen, 30.100058, 435.0, 357.0, 20
pen, 30.132971, 435.0, 357.0, 20
pen, 30.16688, 435.0, 357.0, 20
pen, 30.199793, 435.0, 357.0, 20
pen, 30.237691, 435.0, 357.0, 20
pen, 30.26861, 435.0, 357.0, 20
pen, 30.30152, 435.0, 357.0, 20
pen, 30.33643, 435.0, 357.0, 20
pen, 30.369342, 435.0, 357.0, 20
pen, 30.400257, 435.0, 357.0, 20
pen, 30.433168, 435.0, 357.0, 20
pen, 30.466079, 435.0, 357.0, 20
pen, 30.499989, 435.0, 357.0, 20
pen, 30.5339, 435.0, 357.0, 20
pen, 30.566811, 435.0, 357.0, 20
pen, 30.60072, 435.0, 357.0, 20
pen, 30.633632, 435.0, 357.0, 20
